1496825593654;3;1;65;1;1;(1);24;0;1;1;11;0;;1;1;50;1;1;07;11;53;13;2;5;4294967295;4294967295;4294967295;0;1
1496825593654;3;1;66;1;1;(1);24;0;1;1;11;0;;1;1;50;1;1;07;11;53;13;2;5;4294967295;4294967295;4294967295;0;1
1496825593654;3;1;68;1;1;(1);24;0;1;1;11;0;;1;1;50;1;1;07;11;53;13;2;5;4294967295;4294967295;4294967295;0;1
1496825593654;3;1;67;1;1;(1);24;0;1;1;11;0;;1;1;50;1;1;07;11;53;13;2;5;4294967295;4294967295;4294967295;0;1
1496825593735;3;1;65;1;1;(1);24;0;1;1;11;0;;1;1;50;1;1;07;11;53;13;2;5;4294967295;4294967295;4294967295;0;1
1496825593735;3;1;66;1;1;(1);24;0;1;1;11;0;;1;1;50;1;1;07;11;53;13;2;5;4294967295;4294967295;4294967295;0;1
1496825593735;3;1;68;1;1;(1);24;0;1;1;11;0;;1;1;50;1;1;07;11;53;13;2;5;4294967295;4294967295;4294967295;0;1
1496825593735;3;1;67;1;1;(1);24;0;1;1;11;0;;1;1;50;1;1;07;11;53;13;2;5;4294967295;4294967295;4294967295;0;1
1496825593735;3;1;65;1;1;(1);24;0;1;1;11;0;;1;1;50;1;1;07;11;53;13;2;5;4294967295;4294967295;4294967295;0;1
1496825593735;3;1;66;1;1;(1);24;0;1;1;11;0;;1;1;50;1;1;07;11;53;13;2;5;4294967295;4294967295;4294967295;0;1
1496825593735;3;1;68;1;1;(1);24;0;1;1;11;0;;1;1;50;1;1;07;11;53;13;2;5;4294967295;4294967295;4294967295;0;1
1496825593735;3;1;67;1;1;(1);24;0;1;1;11;0;;1;1;50;1;1;07;11;53;13;2;5;4294967295;4294967295;4294967295;0;1
1496825593736;3;1;65;1;1;(1);24;0;1;1;11;0;;1;1;50;1;1;07;11;53;13;2;5;4294967295;4294967295;4294967295;0;1
1496825593736;3;1;66;1;1;(1);24;0;1;1;11;0;;1;1;50;1;1;07;11;53;13;2;5;4294967295;4294967295;4294967295;0;1
1496825593736;3;1;68;1;1;(1);24;0;1;1;11;0;;1;1;50;1;1;07;11;53;13;2;5;4294967295;4294967295;4294967295;0;1
1496825593736;3;1;67;1;1;(1);24;0;1;1;11;0;;1;1;50;1;1;07;11;53;13;2;5;4294967295;4294967295;4294967295;0;1
1496825593736;3;1;65;1;1;(1);24;0;1;1;11;0;;1;1;50;1;1;07;11;53;13;2;5;4294967295;4294967295;4294967295;0;1
1496825593736;3;1;66;1;1;(1);24;0;1;1;11;0;;1;1;50;1;1;07;11;53;13;2;5;4294967295;4294967295;4294967295;0;1
1496825593736;3;1;68;1;1;(1);24;0;1;1;11;0;;1;1;50;1;1;07;11;53;13;2;5;4294967295;4294967295;4294967295;0;1
1496825593736;3;1;67;1;1;(1);24;0;1;1;11;0;;1;1;50;1;1;07;11;53;13;2;5;4294967295;4294967295;4294967295;0;1
1496825593737;3;1;65;1;1;(1);24;0;1;1;11;0;;1;1;50;1;1;07;11;53;13;2;5;4294967295;4294967295;4294967295;0;1
1496825593737;3;1;66;1;1;(1);24;0;1;1;11;0;;1;1;50;1;1;07;11;53;13;2;5;4294967295;4294967295;4294967295;0;1
1496825593737;3;1;68;1;1;(1);24;0;1;1;11;0;;1;1;50;1;1;07;11;53;13;2;5;4294967295;4294967295;4294967295;0;1
1496825593737;3;1;67;1;1;(1);24;0;1;1;11;0;;1;1;50;1;1;07;11;53;13;2;5;4294967295;4294967295;4294967295;0;1
1496825593738;3;1;65;1;1;(1);24;0;1;1;11;0;;1;1;50;1;1;07;11;53;13;2;5;4294967295;4294967295;4294967295;0;1
1496825593738;3;1;66;1;1;(1);24;0;1;1;11;0;;1;1;50;1;1;07;11;53;13;2;5;4294967295;4294967295;4294967295;0;1
1496825593738;3;1;68;1;1;(1);24;0;1;1;11;0;;1;1;50;1;1;07;11;53;13;2;5;4294967295;4294967295;4294967295;0;1
1496825593738;3;1;67;1;1;(1);24;0;1;1;11;0;;1;1;50;1;1;07;11;53;13;2;5;4294967295;4294967295;4294967295;0;1
1496825593738;3;1;65;1;1;(1);24;0;1;1;11;0;;1;1;50;1;1;07;11;53;13;2;5;4294967295;4294967295;4294967295;0;1
1496825593738;3;1;66;1;1;(1);24;0;1;1;11;0;;1;1;50;1;1;07;11;53;13;2;5;4294967295;4294967295;4294967295;0;1
1496825593738;3;1;68;1;1;(1);24;0;1;1;11;0;;1;1;50;1;1;07;11;53;13;2;5;4294967295;4294967295;4294967295;0;1
1496825593738;3;1;67;1;1;(1);24;0;1;1;11;0;;1;1;50;1;1;07;11;53;13;2;5;4294967295;4294967295;4294967295;0;1
1496825593739;3;1;65;1;1;(1);24;0;1;1;11;0;;1;1;50;1;1;07;11;53;13;2;5;4294967295;4294967295;4294967295;0;1
1496825593739;3;1;66;1;1;(1);24;0;1;1;11;0;;1;1;50;1;1;07;11;53;13;2;5;4294967295;4294967295;4294967295;0;1
1496825593739;3;1;68;1;1;(1);24;0;1;1;11;0;;1;1;50;1;1;07;11;53;13;2;5;4294967295;4294967295;4294967295;0;1
1496825593739;3;1;67;1;1;(1);24;0;1;1;11;0;;1;1;50;1;1;07;11;53;13;2;5;4294967295;4294967295;4294967295;0;1
1496825593739;3;1;65;1;1;(1);24;0;1;1;11;0;;1;1;50;1;1;07;11;53;13;2;5;4294967295;4294967295;4294967295;0;1
1496825593739;3;1;66;1;1;(1);24;0;1;1;11;0;;1;1;50;1;1;07;11;53;13;2;5;4294967295;4294967295;4294967295;0;1
1496825593739;3;1;68;1;1;(1);24;0;1;1;11;0;;1;1;50;1;1;07;11;53;13;2;5;4294967295;4294967295;4294967295;0;1
1496825593739;3;1;67;1;1;(1);24;0;1;1;11;0;;1;1;50;1;1;07;11;53;13;2;5;4294967295;4294967295;4294967295;0;1
1496825593740;3;1;65;1;1;(1);24;0;1;1;11;0;;1;1;50;1;1;07;11;53;13;2;5;4294967295;4294967295;4294967295;0;1
1496825593740;3;1;66;1;1;(1);24;0;1;1;11;0;;1;1;50;1;1;07;11;53;13;2;5;4294967295;4294967295;4294967295;0;1
1496825593740;3;1;68;1;1;(1);24;0;1;1;11;0;;1;1;50;1;1;07;11;53;13;2;5;4294967295;4294967295;4294967295;0;1
1496825593740;3;1;67;1;1;(1);24;0;1;1;11;0;;1;1;50;1;1;07;11;53;13;2;5;4294967295;4294967295;4294967295;0;1
1496825593740;3;1;65;1;1;(1);24;0;1;1;11;0;;1;1;50;1;1;07;11;53;13;2;5;4294967295;4294967295;4294967295;0;1
1496825593740;3;1;66;1;1;(1);24;0;1;1;11;0;;1;1;50;1;1;07;11;53;13;2;5;4294967295;4294967295;4294967295;0;1
1496825593740;3;1;68;1;1;(1);24;0;1;1;11;0;;1;1;50;1;1;07;11;53;13;2;5;4294967295;4294967295;4294967295;0;1
1496825593740;3;1;67;1;1;(1);24;0;1;1;11;0;;1;1;50;1;1;07;11;53;13;2;5;4294967295;4294967295;4294967295;0;1
1496825593740;3;1;65;1;1;(1);24;0;1;1;11;0;;1;1;50;1;1;07;11;53;13;2;5;4294967295;4294967295;4294967295;0;1
1496825593740;3;1;66;1;1;(1);24;0;1;1;11;0;;1;1;50;1;1;07;11;53;13;2;5;4294967295;4294967295;4294967295;0;1
1496825593740;3;1;68;1;1;(1);24;0;1;1;11;0;;1;1;50;1;1;07;11;53;13;2;5;4294967295;4294967295;4294967295;0;1
1496825593740;3;1;67;1;1;(1);24;0;1;1;11;0;;1;1;50;1;1;07;11;53;13;2;5;4294967295;4294967295;4294967295;0;1
1496825593741;3;1;65;1;1;(1);24;0;1;1;11;0;;1;1;50;1;1;07;11;53;13;2;5;4294967295;4294967295;4294967295;0;1
1496825593741;3;1;66;1;1;(1);24;0;1;1;11;0;;1;1;50;1;1;07;11;53;13;2;5;4294967295;4294967295;4294967295;0;1
1496825593741;3;1;68;1;1;(1);24;0;1;1;11;0;;1;1;50;1;1;07;11;53;13;2;5;4294967295;4294967295;4294967295;0;1
1496825593741;3;1;67;1;1;(1);24;0;1;1;11;0;;1;1;50;1;1;07;11;53;13;2;5;4294967295;4294967295;4294967295;0;1
1496825593741;3;1;65;1;1;(1);24;0;1;1;11;0;;1;1;50;1;1;07;11;53;13;2;5;4294967295;4294967295;4294967295;0;1
1496825593741;3;1;66;1;1;(1);24;0;1;1;11;0;;1;1;50;1;1;07;11;53;13;2;5;4294967295;4294967295;4294967295;0;1
1496825593741;3;1;68;1;1;(1);24;0;1;1;11;0;;1;1;50;1;1;07;11;53;13;2;5;4294967295;4294967295;4294967295;0;1
1496825593741;3;1;67;1;1;(1);24;0;1;1;11;0;;1;1;50;1;1;07;11;53;13;2;5;4294967295;4294967295;4294967295;0;1
1496825593741;3;1;65;1;1;(1);24;0;1;1;11;0;;1;1;50;1;1;07;11;53;13;2;5;4294967295;4294967295;4294967295;0;1
1496825593741;3;1;66;1;1;(1);24;0;1;1;11;0;;1;1;50;1;1;07;11;53;13;2;5;4294967295;4294967295;4294967295;0;1
1496825593741;3;1;68;1;1;(1);24;0;1;1;11;0;;1;1;50;1;1;07;11;53;13;2;5;4294967295;4294967295;4294967295;0;1
1496825593741;3;1;67;1;1;(1);24;0;1;1;11;0;;1;1;50;1;1;07;11;53;13;2;5;4294967295;4294967295;4294967295;0;1
1496825593742;3;1;65;1;1;(1);24;0;1;1;11;0;;1;1;50;1;1;07;11;53;13;2;5;4294967295;4294967295;4294967295;0;1
1496825593742;3;1;66;1;1;(1);24;0;1;1;11;0;;1;1;50;1;1;07;11;53;13;2;5;4294967295;4294967295;4294967295;0;1
1496825593742;3;1;68;1;1;(1);24;0;1;1;11;0;;1;1;50;1;1;07;11;53;13;2;5;4294967295;4294967295;4294967295;0;1
1496825593742;3;1;67;1;1;(1);24;0;1;1;11;0;;1;1;50;1;1;07;11;53;13;2;5;4294967295;4294967295;4294967295;0;1
1496825593742;3;1;65;1;1;(1);24;0;1;1;11;0;;1;1;50;1;1;07;11;53;13;2;5;4294967295;4294967295;4294967295;0;1
1496825593742;3;1;66;1;1;(1);24;0;1;1;11;0;;1;1;50;1;1;07;11;53;13;2;5;4294967295;4294967295;4294967295;0;1
1496825593742;3;1;68;1;1;(1);24;0;1;1;11;0;;1;1;50;1;1;07;11;53;13;2;5;4294967295;4294967295;4294967295;0;1
1496825593742;3;1;67;1;1;(1);24;0;1;1;11;0;;1;1;50;1;1;07;11;53;13;2;5;4294967295;4294967295;4294967295;0;1
1496825593743;3;1;65;1;1;(1);24;0;1;1;11;0;;1;1;50;1;1;07;11;53;13;2;5;4294967295;4294967295;4294967295;0;1
1496825593743;3;1;66;1;1;(1);24;0;1;1;11;0;;1;1;50;1;1;07;11;53;13;2;5;4294967295;4294967295;4294967295;0;1
1496825593743;3;1;68;1;1;(1);24;0;1;1;11;0;;1;1;50;1;1;07;11;53;13;2;5;4294967295;4294967295;4294967295;0;1
1496825593743;3;1;67;1;1;(1);24;0;1;1;11;0;;1;1;50;1;1;07;11;53;13;2;5;4294967295;4294967295;4294967295;0;1
1496825593743;3;1;65;1;1;(1);24;0;1;1;11;0;;1;1;50;1;1;07;11;53;13;2;5;4294967295;4294967295;4294967295;0;1
1496825593743;3;1;66;1;1;(1);24;0;1;1;11;0;;1;1;50;1;1;07;11;53;13;2;5;4294967295;4294967295;4294967295;0;1
1496825593743;3;1;68;1;1;(1);24;0;1;1;11;0;;1;1;50;1;1;07;11;53;13;2;5;4294967295;4294967295;4294967295;0;1
1496825593743;3;1;67;1;1;(1);24;0;1;1;11;0;;1;1;50;1;1;07;11;53;13;2;5;4294967295;4294967295;4294967295;0;1
1496825593743;3;1;65;1;1;(1);24;0;1;1;11;0;;1;1;50;1;1;07;11;53;13;2;5;4294967295;4294967295;4294967295;0;1
1496825593743;3;1;66;1;1;(1);24;0;1;1;11;0;;1;1;50;1;1;07;11;53;13;2;5;4294967295;4294967295;4294967295;0;1
1496825593743;3;1;68;1;1;(1);24;0;1;1;11;0;;1;1;50;1;1;07;11;53;13;2;5;4294967295;4294967295;4294967295;0;1
1496825593743;3;1;67;1;1;(1);24;0;1;1;11;0;;1;1;50;1;1;07;11;53;13;2;5;4294967295;4294967295;4294967295;0;1
1496825593744;3;1;65;1;1;(1);24;0;1;1;11;0;;1;1;50;1;1;07;11;53;13;2;5;4294967295;4294967295;4294967295;0;1
1496825593744;3;1;66;1;1;(1);24;0;1;1;11;0;;1;1;50;1;1;07;11;53;13;2;5;4294967295;4294967295;4294967295;0;1
1496825593744;3;1;68;1;1;(1);24;0;1;1;11;0;;1;1;50;1;1;07;11;53;13;2;5;4294967295;4294967295;4294967295;0;1
1496825593744;3;1;67;1;1;(1);24;0;1;1;11;0;;1;1;50;1;1;07;11;53;13;2;5;4294967295;4294967295;4294967295;0;1
1496825593744;3;1;65;1;1;(1);24;0;1;1;11;0;;1;1;50;1;1;07;11;53;13;2;5;4294967295;4294967295;4294967295;0;1
1496825593744;3;1;66;1;1;(1);24;0;1;1;11;0;;1;1;50;1;1;07;11;53;13;2;5;4294967295;4294967295;4294967295;0;1
1496825593744;3;1;68;1;1;(1);24;0;1;1;11;0;;1;1;50;1;1;07;11;53;13;2;5;4294967295;4294967295;4294967295;0;1
1496825593744;3;1;67;1;1;(1);24;0;1;1;11;0;;1;1;50;1;1;07;11;53;13;2;5;4294967295;4294967295;4294967295;0;1
1496825593745;3;1;65;1;1;(1);24;0;1;1;11;0;;1;1;50;1;1;07;11;53;13;2;5;4294967295;4294967295;4294967295;0;1
1496825593745;3;1;66;1;1;(1);24;0;1;1;11;0;;1;1;50;1;1;07;11;53;13;2;5;4294967295;4294967295;4294967295;0;1
1496825593745;3;1;68;1;1;(1);24;0;1;1;11;0;;1;1;50;1;1;07;11;53;13;2;5;4294967295;4294967295;4294967295;0;1
1496825593745;3;1;67;1;1;(1);24;0;1;1;11;0;;1;1;50;1;1;07;11;53;13;2;5;4294967295;4294967295;4294967295;0;1
1496825593745;3;1;65;1;1;(1);24;0;1;1;11;0;;1;1;50;1;1;07;11;53;13;2;5;4294967295;4294967295;4294967295;0;1
1496825593745;3;1;66;1;1;(1);24;0;1;1;11;0;;1;1;50;1;1;07;11;53;13;2;5;4294967295;4294967295;4294967295;0;1
1496825593745;3;1;68;1;1;(1);24;0;1;1;11;0;;1;1;50;1;1;07;11;53;13;2;5;4294967295;4294967295;4294967295;0;1
1496825593745;3;1;67;1;1;(1);24;0;1;1;11;0;;1;1;50;1;1;07;11;53;13;2;5;4294967295;4294967295;4294967295;0;1
1496825593745;3;1;65;1;1;(1);24;0;1;1;11;0;;1;1;50;1;1;07;11;53;13;2;5;4294967295;4294967295;4294967295;0;1
1496825593745;3;1;66;1;1;(1);24;0;1;1;11;0;;1;1;50;1;1;07;11;53;13;2;5;4294967295;4294967295;4294967295;0;1
1496825593745;3;1;68;1;1;(1);24;0;1;1;11;0;;1;1;50;1;1;07;11;53;13;2;5;4294967295;4294967295;4294967295;0;1
1496825593745;3;1;67;1;1;(1);24;0;1;1;11;0;;1;1;50;1;1;07;11;53;13;2;5;4294967295;4294967295;4294967295;0;1
1496825593746;3;1;65;1;1;(1);24;0;1;1;11;0;;1;1;50;1;1;07;11;53;13;2;5;4294967295;4294967295;4294967295;0;1
1496825593746;3;1;66;1;1;(1);24;0;1;1;11;0;;1;1;50;1;1;07;11;53;13;2;5;4294967295;4294967295;4294967295;0;1
1496825593746;3;1;68;1;1;(1);24;0;1;1;11;0;;1;1;50;1;1;07;11;53;13;2;5;4294967295;4294967295;4294967295;0;1
1496825593746;3;1;67;1;1;(1);24;0;1;1;11;0;;1;1;50;1;1;07;11;53;13;2;5;4294967295;4294967295;4294967295;0;1
1496825593746;3;1;65;1;1;(1);24;0;1;1;11;0;;1;1;50;1;1;07;11;53;13;2;5;4294967295;4294967295;4294967295;0;1
1496825593746;3;1;66;1;1;(1);24;0;1;1;11;0;;1;1;50;1;1;07;11;53;13;2;5;4294967295;4294967295;4294967295;0;1
1496825593746;3;1;68;1;1;(1);24;0;1;1;11;0;;1;1;50;1;1;07;11;53;13;2;5;4294967295;4294967295;4294967295;0;1
1496825593746;3;1;67;1;1;(1);24;0;1;1;11;0;;1;1;50;1;1;07;11;53;13;2;5;4294967295;4294967295;4294967295;0;1
1496825593746;3;1;65;1;1;(1);24;0;1;1;11;0;;1;1;50;1;1;07;11;53;13;2;5;4294967295;4294967295;4294967295;0;1
1496825593746;3;1;66;1;1;(1);24;0;1;1;11;0;;1;1;50;1;1;07;11;53;13;2;5;4294967295;4294967295;4294967295;0;1
1496825593746;3;1;68;1;1;(1);24;0;1;1;11;0;;1;1;50;1;1;07;11;53;13;2;5;4294967295;4294967295;4294967295;0;1
1496825593746;3;1;67;1;1;(1);24;0;1;1;11;0;;1;1;50;1;1;07;11;53;13;2;5;4294967295;4294967295;4294967295;0;1
1496825593746;3;1;65;1;1;(1);24;0;1;1;11;0;;1;1;50;1;1;07;11;53;13;2;5;4294967295;4294967295;4294967295;0;1
1496825593746;3;1;66;1;1;(1);24;0;1;1;11;0;;1;1;50;1;1;07;11;53;13;2;5;4294967295;4294967295;4294967295;0;1
1496825593746;3;1;68;1;1;(1);24;0;1;1;11;0;;1;1;50;1;1;07;11;53;13;2;5;4294967295;4294967295;4294967295;0;1
1496825593746;3;1;67;1;1;(1);24;0;1;1;11;0;;1;1;50;1;1;07;11;53;13;2;5;4294967295;4294967295;4294967295;0;1
1496825593747;3;1;65;1;1;(1);24;0;1;1;11;0;;1;1;50;1;1;07;11;53;13;2;5;4294967295;4294967295;4294967295;0;1
1496825593747;3;1;66;1;1;(1);24;0;1;1;11;0;;1;1;50;1;1;07;11;53;13;2;5;4294967295;4294967295;4294967295;0;1
1496825593747;3;1;68;1;1;(1);24;0;1;1;11;0;;1;1;50;1;1;07;11;53;13;2;5;4294967295;4294967295;4294967295;0;1
1496825593747;3;1;67;1;1;(1);24;0;1;1;11;0;;1;1;50;1;1;07;11;53;13;2;5;4294967295;4294967295;4294967295;0;1
1496825593747;3;1;65;1;1;(1);24;0;1;1;11;0;;1;1;50;1;1;07;11;53;13;2;5;4294967295;4294967295;4294967295;0;1
1496825593747;3;1;66;1;1;(1);24;0;1;1;11;0;;1;1;50;1;1;07;11;53;13;2;5;4294967295;4294967295;4294967295;0;1
1496825593747;3;1;68;1;1;(1);24;0;1;1;11;0;;1;1;50;1;1;07;11;53;13;2;5;4294967295;4294967295;4294967295;0;1
1496825593747;3;1;67;1;1;(1);24;0;1;1;11;0;;1;1;50;1;1;07;11;53;13;2;5;4294967295;4294967295;4294967295;0;1
1496825593748;3;1;65;1;1;(1);24;0;1;1;11;0;;1;1;50;1;1;07;11;53;13;2;5;4294967295;4294967295;4294967295;0;1
1496825593748;3;1;66;1;1;(1);24;0;1;1;11;0;;1;1;50;1;1;07;11;53;13;2;5;4294967295;4294967295;4294967295;0;1
1496825593748;3;1;68;1;1;(1);24;0;1;1;11;0;;1;1;50;1;1;07;11;53;13;2;5;4294967295;4294967295;4294967295;0;1
1496825593748;3;1;67;1;1;(1);24;0;1;1;11;0;;1;1;50;1;1;07;11;53;13;2;5;4294967295;4294967295;4294967295;0;1
1496825593748;3;1;65;1;1;(1);24;0;1;1;11;0;;1;1;50;1;1;07;11;53;13;2;5;4294967295;4294967295;4294967295;0;1
1496825593748;3;1;66;1;1;(1);24;0;1;1;11;0;;1;1;50;1;1;07;11;53;13;2;5;4294967295;4294967295;4294967295;0;1
1496825593748;3;1;68;1;1;(1);24;0;1;1;11;0;;1;1;50;1;1;07;11;53;13;2;5;4294967295;4294967295;4294967295;0;1
1496825593748;3;1;67;1;1;(1);24;0;1;1;11;0;;1;1;50;1;1;07;11;53;13;2;5;4294967295;4294967295;4294967295;0;1
1496825593748;3;1;65;1;1;(1);24;0;1;1;11;0;;1;1;50;1;1;07;11;53;13;2;5;4294967295;4294967295;4294967295;0;1
1496825593748;3;1;66;1;1;(1);24;0;1;1;11;0;;1;1;50;1;1;07;11;53;13;2;5;4294967295;4294967295;4294967295;0;1
1496825593748;3;1;68;1;1;(1);24;0;1;1;11;0;;1;1;50;1;1;07;11;53;13;2;5;4294967295;4294967295;4294967295;0;1
1496825593748;3;1;67;1;1;(1);24;0;1;1;11;0;;1;1;50;1;1;07;11;53;13;2;5;4294967295;4294967295;4294967295;0;1
1496825593749;3;1;65;1;1;(1);24;0;1;1;11;0;;1;1;50;1;1;07;11;53;13;2;5;4294967295;4294967295;4294967295;0;1
1496825593749;3;1;66;1;1;(1);24;0;1;1;11;0;;1;1;50;1;1;07;11;53;13;2;5;4294967295;4294967295;4294967295;0;1
1496825593749;3;1;68;1;1;(1);24;0;1;1;11;0;;1;1;50;1;1;07;11;53;13;2;5;4294967295;4294967295;4294967295;0;1
1496825593749;3;1;67;1;1;(1);24;0;1;1;11;0;;1;1;50;1;1;07;11;53;13;2;5;4294967295;4294967295;4294967295;0;1
1496825593749;3;1;65;1;1;(1);24;0;1;1;11;0;;1;1;50;1;1;07;11;53;13;2;5;4294967295;4294967295;4294967295;0;1
1496825593749;3;1;66;1;1;(1);24;0;1;1;11;0;;1;1;50;1;1;07;11;53;13;2;5;4294967295;4294967295;4294967295;0;1
1496825593749;3;1;68;1;1;(1);24;0;1;1;11;0;;1;1;50;1;1;07;11;53;13;2;5;4294967295;4294967295;4294967295;0;1
1496825593749;3;1;67;1;1;(1);24;0;1;1;11;0;;1;1;50;1;1;07;11;53;13;2;5;4294967295;4294967295;4294967295;0;1
1496825593749;3;1;65;1;1;(1);24;0;1;1;11;0;;1;1;50;1;1;07;11;53;13;2;5;4294967295;4294967295;4294967295;0;1
1496825593749;3;1;66;1;1;(1);24;0;1;1;11;0;;1;1;50;1;1;07;11;53;13;2;5;4294967295;4294967295;4294967295;0;1
1496825593749;3;1;68;1;1;(1);24;0;1;1;11;0;;1;1;50;1;1;07;11;53;13;2;5;4294967295;4294967295;4294967295;0;1
1496825593749;3;1;67;1;1;(1);24;0;1;1;11;0;;1;1;50;1;1;07;11;53;13;2;5;4294967295;4294967295;4294967295;0;1
1496825593750;3;1;65;1;1;(1);24;0;1;1;11;0;;1;1;50;1;1;07;11;53;13;2;5;4294967295;4294967295;4294967295;0;1
1496825593750;3;1;66;1;1;(1);24;0;1;1;11;0;;1;1;50;1;1;07;11;53;13;2;5;4294967295;4294967295;4294967295;0;1
1496825593750;3;1;68;1;1;(1);24;0;1;1;11;0;;1;1;50;1;1;07;11;53;13;2;5;4294967295;4294967295;4294967295;0;1
1496825593750;3;1;67;1;1;(1);24;0;1;1;11;0;;1;1;50;1;1;07;11;53;13;2;5;4294967295;4294967295;4294967295;0;1
1496825593750;3;1;65;1;1;(1);24;0;1;1;11;0;;1;1;50;1;1;07;11;53;13;2;5;4294967295;4294967295;4294967295;0;1
1496825593750;3;1;66;1;1;(1);24;0;1;1;11;0;;1;1;50;1;1;07;11;53;13;2;5;4294967295;4294967295;4294967295;0;1
1496825593750;3;1;68;1;1;(1);24;0;1;1;11;0;;1;1;50;1;1;07;11;53;13;2;5;4294967295;4294967295;4294967295;0;1
1496825593750;3;1;67;1;1;(1);24;0;1;1;11;0;;1;1;50;1;1;07;11;53;13;2;5;4294967295;4294967295;4294967295;0;1
1496828588396;3;1;65;1;1;(1);24;0;1;1;11;0;;1;1;50;1;1;07;12;43;08;2;5;4294967295;4294967295;4294967295;0;1
1496828588396;3;1;66;1;1;(1);24;0;1;1;11;0;;1;1;50;1;1;07;12;43;08;2;5;4294967295;4294967295;4294967295;0;1
1496828588396;3;1;68;1;1;(1);24;0;1;1;11;0;;1;1;50;1;1;07;12;43;08;2;5;4294967295;4294967295;4294967295;0;1
1496828588396;3;1;67;1;1;(1);24;0;1;1;11;0;;1;1;50;1;1;07;12;43;08;2;5;4294967295;4294967295;4294967295;0;1
1496828588460;3;1;65;1;1;(1);24;0;1;1;11;0;;1;1;50;1;1;07;12;43;08;2;5;4294967295;4294967295;4294967295;0;1
1496828588460;3;1;66;1;1;(1);24;0;1;1;11;0;;1;1;50;1;1;07;12;43;08;2;5;4294967295;4294967295;4294967295;0;1
1496828588460;3;1;68;1;1;(1);24;0;1;1;11;0;;1;1;50;1;1;07;12;43;08;2;5;4294967295;4294967295;4294967295;0;1
1496828588460;3;1;67;1;1;(1);24;0;1;1;11;0;;1;1;50;1;1;07;12;43;08;2;5;4294967295;4294967295;4294967295;0;1
1496828588460;3;1;65;1;1;(1);24;0;1;1;11;0;;1;1;50;1;1;07;12;43;08;2;5;4294967295;4294967295;4294967295;0;1
1496828588460;3;1;66;1;1;(1);24;0;1;1;11;0;;1;1;50;1;1;07;12;43;08;2;5;4294967295;4294967295;4294967295;0;1
1496828588460;3;1;68;1;1;(1);24;0;1;1;11;0;;1;1;50;1;1;07;12;43;08;2;5;4294967295;4294967295;4294967295;0;1
1496828588460;3;1;67;1;1;(1);24;0;1;1;11;0;;1;1;50;1;1;07;12;43;08;2;5;4294967295;4294967295;4294967295;0;1
1496828588461;3;1;65;1;1;(1);24;0;1;1;11;0;;1;1;50;1;1;07;12;43;08;2;5;4294967295;4294967295;4294967295;0;1
1496828588461;3;1;66;1;1;(1);24;0;1;1;11;0;;1;1;50;1;1;07;12;43;08;2;5;4294967295;4294967295;4294967295;0;1
1496828588461;3;1;68;1;1;(1);24;0;1;1;11;0;;1;1;50;1;1;07;12;43;08;2;5;4294967295;4294967295;4294967295;0;1
1496828588461;3;1;67;1;1;(1);24;0;1;1;11;0;;1;1;50;1;1;07;12;43;08;2;5;4294967295;4294967295;4294967295;0;1
1496828588461;3;1;65;1;1;(1);24;0;1;1;11;0;;1;1;50;1;1;07;12;43;08;2;5;4294967295;4294967295;4294967295;0;1
1496828588461;3;1;66;1;1;(1);24;0;1;1;11;0;;1;1;50;1;1;07;12;43;08;2;5;4294967295;4294967295;4294967295;0;1
1496828588461;3;1;68;1;1;(1);24;0;1;1;11;0;;1;1;50;1;1;07;12;43;08;2;5;4294967295;4294967295;4294967295;0;1
1496828588461;3;1;67;1;1;(1);24;0;1;1;11;0;;1;1;50;1;1;07;12;43;08;2;5;4294967295;4294967295;4294967295;0;1
1496828588462;3;1;65;1;1;(1);24;0;1;1;11;0;;1;1;50;1;1;07;12;43;08;2;5;4294967295;4294967295;4294967295;0;1
1496828588462;3;1;66;1;1;(1);24;0;1;1;11;0;;1;1;50;1;1;07;12;43;08;2;5;4294967295;4294967295;4294967295;0;1
1496828588462;3;1;68;1;1;(1);24;0;1;1;11;0;;1;1;50;1;1;07;12;43;08;2;5;4294967295;4294967295;4294967295;0;1
1496828588462;3;1;67;1;1;(1);24;0;1;1;11;0;;1;1;50;1;1;07;12;43;08;2;5;4294967295;4294967295;4294967295;0;1
1496828588462;3;1;65;1;1;(1);24;0;1;1;11;0;;1;1;50;1;1;07;12;43;08;2;5;4294967295;4294967295;4294967295;0;1
1496828588462;3;1;66;1;1;(1);24;0;1;1;11;0;;1;1;50;1;1;07;12;43;08;2;5;4294967295;4294967295;4294967295;0;1
1496828588462;3;1;68;1;1;(1);24;0;1;1;11;0;;1;1;50;1;1;07;12;43;08;2;5;4294967295;4294967295;4294967295;0;1
1496828588462;3;1;67;1;1;(1);24;0;1;1;11;0;;1;1;50;1;1;07;12;43;08;2;5;4294967295;4294967295;4294967295;0;1
1496828588462;3;1;65;1;1;(1);24;0;1;1;11;0;;1;1;50;1;1;07;12;43;08;2;5;4294967295;4294967295;4294967295;0;1
1496828588462;3;1;66;1;1;(1);24;0;1;1;11;0;;1;1;50;1;1;07;12;43;08;2;5;4294967295;4294967295;4294967295;0;1
1496828588462;3;1;68;1;1;(1);24;0;1;1;11;0;;1;1;50;1;1;07;12;43;08;2;5;4294967295;4294967295;4294967295;0;1
1496828588462;3;1;67;1;1;(1);24;0;1;1;11;0;;1;1;50;1;1;07;12;43;08;2;5;4294967295;4294967295;4294967295;0;1
1496828588463;3;1;65;1;1;(1);24;0;1;1;11;0;;1;1;50;1;1;07;12;43;08;2;5;4294967295;4294967295;4294967295;0;1
1496828588463;3;1;66;1;1;(1);24;0;1;1;11;0;;1;1;50;1;1;07;12;43;08;2;5;4294967295;4294967295;4294967295;0;1
1496828588463;3;1;68;1;1;(1);24;0;1;1;11;0;;1;1;50;1;1;07;12;43;08;2;5;4294967295;4294967295;4294967295;0;1
1496828588463;3;1;67;1;1;(1);24;0;1;1;11;0;;1;1;50;1;1;07;12;43;08;2;5;4294967295;4294967295;4294967295;0;1
1496828588463;3;1;65;1;1;(1);24;0;1;1;11;0;;1;1;50;1;1;07;12;43;08;2;5;4294967295;4294967295;4294967295;0;1
1496828588463;3;1;66;1;1;(1);24;0;1;1;11;0;;1;1;50;1;1;07;12;43;08;2;5;4294967295;4294967295;4294967295;0;1
1496828588463;3;1;68;1;1;(1);24;0;1;1;11;0;;1;1;50;1;1;07;12;43;08;2;5;4294967295;4294967295;4294967295;0;1
1496828588463;3;1;67;1;1;(1);24;0;1;1;11;0;;1;1;50;1;1;07;12;43;08;2;5;4294967295;4294967295;4294967295;0;1
1496828588463;3;1;65;1;1;(1);24;0;1;1;11;0;;1;1;50;1;1;07;12;43;08;2;5;4294967295;4294967295;4294967295;0;1
1496828588463;3;1;66;1;1;(1);24;0;1;1;11;0;;1;1;50;1;1;07;12;43;08;2;5;4294967295;4294967295;4294967295;0;1
1496828588463;3;1;68;1;1;(1);24;0;1;1;11;0;;1;1;50;1;1;07;12;43;08;2;5;4294967295;4294967295;4294967295;0;1
1496828588463;3;1;67;1;1;(1);24;0;1;1;11;0;;1;1;50;1;1;07;12;43;08;2;5;4294967295;4294967295;4294967295;0;1
1496828588464;3;1;65;1;1;(1);24;0;1;1;11;0;;1;1;50;1;1;07;12;43;08;2;5;4294967295;4294967295;4294967295;0;1
1496828588464;3;1;66;1;1;(1);24;0;1;1;11;0;;1;1;50;1;1;07;12;43;08;2;5;4294967295;4294967295;4294967295;0;1
1496828588464;3;1;68;1;1;(1);24;0;1;1;11;0;;1;1;50;1;1;07;12;43;08;2;5;4294967295;4294967295;4294967295;0;1
1496828588464;3;1;67;1;1;(1);24;0;1;1;11;0;;1;1;50;1;1;07;12;43;08;2;5;4294967295;4294967295;4294967295;0;1
1496828588464;3;1;65;1;1;(1);24;0;1;1;11;0;;1;1;50;1;1;07;12;43;08;2;5;4294967295;4294967295;4294967295;0;1
1496828588464;3;1;66;1;1;(1);24;0;1;1;11;0;;1;1;50;1;1;07;12;43;08;2;5;4294967295;4294967295;4294967295;0;1
1496828588464;3;1;68;1;1;(1);24;0;1;1;11;0;;1;1;50;1;1;07;12;43;08;2;5;4294967295;4294967295;4294967295;0;1
1496828588464;3;1;67;1;1;(1);24;0;1;1;11;0;;1;1;50;1;1;07;12;43;08;2;5;4294967295;4294967295;4294967295;0;1
1496828588465;3;1;65;1;1;(1);24;0;1;1;11;0;;1;1;50;1;1;07;12;43;08;2;5;4294967295;4294967295;4294967295;0;1
1496828588465;3;1;66;1;1;(1);24;0;1;1;11;0;;1;1;50;1;1;07;12;43;08;2;5;4294967295;4294967295;4294967295;0;1
1496828588465;3;1;68;1;1;(1);24;0;1;1;11;0;;1;1;50;1;1;07;12;43;08;2;5;4294967295;4294967295;4294967295;0;1
1496828588465;3;1;67;1;1;(1);24;0;1;1;11;0;;1;1;50;1;1;07;12;43;08;2;5;4294967295;4294967295;4294967295;0;1
1496828588465;3;1;65;1;1;(1);24;0;1;1;11;0;;1;1;50;1;1;07;12;43;08;2;5;4294967295;4294967295;4294967295;0;1
1496828588465;3;1;66;1;1;(1);24;0;1;1;11;0;;1;1;50;1;1;07;12;43;08;2;5;4294967295;4294967295;4294967295;0;1
1496828588465;3;1;68;1;1;(1);24;0;1;1;11;0;;1;1;50;1;1;07;12;43;08;2;5;4294967295;4294967295;4294967295;0;1
1496828588465;3;1;67;1;1;(1);24;0;1;1;11;0;;1;1;50;1;1;07;12;43;08;2;5;4294967295;4294967295;4294967295;0;1
1496828588465;3;1;65;1;1;(1);24;0;1;1;11;0;;1;1;50;1;1;07;12;43;08;2;5;4294967295;4294967295;4294967295;0;1
1496828588465;3;1;66;1;1;(1);24;0;1;1;11;0;;1;1;50;1;1;07;12;43;08;2;5;4294967295;4294967295;4294967295;0;1
1496828588465;3;1;68;1;1;(1);24;0;1;1;11;0;;1;1;50;1;1;07;12;43;08;2;5;4294967295;4294967295;4294967295;0;1
1496828588465;3;1;67;1;1;(1);24;0;1;1;11;0;;1;1;50;1;1;07;12;43;08;2;5;4294967295;4294967295;4294967295;0;1
1496828588466;3;1;65;1;1;(1);24;0;1;1;11;0;;1;1;50;1;1;07;12;43;08;2;5;4294967295;4294967295;4294967295;0;1
1496828588466;3;1;66;1;1;(1);24;0;1;1;11;0;;1;1;50;1;1;07;12;43;08;2;5;4294967295;4294967295;4294967295;0;1
1496828588466;3;1;68;1;1;(1);24;0;1;1;11;0;;1;1;50;1;1;07;12;43;08;2;5;4294967295;4294967295;4294967295;0;1
1496828588466;3;1;67;1;1;(1);24;0;1;1;11;0;;1;1;50;1;1;07;12;43;08;2;5;4294967295;4294967295;4294967295;0;1
1496828588466;3;1;65;1;1;(1);24;0;1;1;11;0;;1;1;50;1;1;07;12;43;08;2;5;4294967295;4294967295;4294967295;0;1
1496828588466;3;1;66;1;1;(1);24;0;1;1;11;0;;1;1;50;1;1;07;12;43;08;2;5;4294967295;4294967295;4294967295;0;1
1496828588466;3;1;68;1;1;(1);24;0;1;1;11;0;;1;1;50;1;1;07;12;43;08;2;5;4294967295;4294967295;4294967295;0;1
1496828588466;3;1;67;1;1;(1);24;0;1;1;11;0;;1;1;50;1;1;07;12;43;08;2;5;4294967295;4294967295;4294967295;0;1
1496828588467;3;1;65;1;1;(1);24;0;1;1;11;0;;1;1;50;1;1;07;12;43;08;2;5;4294967295;4294967295;4294967295;0;1
1496828588467;3;1;66;1;1;(1);24;0;1;1;11;0;;1;1;50;1;1;07;12;43;08;2;5;4294967295;4294967295;4294967295;0;1
1496828588467;3;1;68;1;1;(1);24;0;1;1;11;0;;1;1;50;1;1;07;12;43;08;2;5;4294967295;4294967295;4294967295;0;1
1496828588467;3;1;67;1;1;(1);24;0;1;1;11;0;;1;1;50;1;1;07;12;43;08;2;5;4294967295;4294967295;4294967295;0;1
1496828588467;3;1;65;1;1;(1);24;0;1;1;11;0;;1;1;50;1;1;07;12;43;08;2;5;4294967295;4294967295;4294967295;0;1
1496828588467;3;1;66;1;1;(1);24;0;1;1;11;0;;1;1;50;1;1;07;12;43;08;2;5;4294967295;4294967295;4294967295;0;1
1496828588467;3;1;68;1;1;(1);24;0;1;1;11;0;;1;1;50;1;1;07;12;43;08;2;5;4294967295;4294967295;4294967295;0;1
1496828588467;3;1;67;1;1;(1);24;0;1;1;11;0;;1;1;50;1;1;07;12;43;08;2;5;4294967295;4294967295;4294967295;0;1
1496828588467;3;1;65;1;1;(1);24;0;1;1;11;0;;1;1;50;1;1;07;12;43;08;2;5;4294967295;4294967295;4294967295;0;1
1496828588467;3;1;66;1;1;(1);24;0;1;1;11;0;;1;1;50;1;1;07;12;43;08;2;5;4294967295;4294967295;4294967295;0;1
1496828588467;3;1;68;1;1;(1);24;0;1;1;11;0;;1;1;50;1;1;07;12;43;08;2;5;4294967295;4294967295;4294967295;0;1
1496828588467;3;1;67;1;1;(1);24;0;1;1;11;0;;1;1;50;1;1;07;12;43;08;2;5;4294967295;4294967295;4294967295;0;1
1496828588468;3;1;65;1;1;(1);24;0;1;1;11;0;;1;1;50;1;1;07;12;43;08;2;5;4294967295;4294967295;4294967295;0;1
1496828588468;3;1;66;1;1;(1);24;0;1;1;11;0;;1;1;50;1;1;07;12;43;08;2;5;4294967295;4294967295;4294967295;0;1
1496828588468;3;1;68;1;1;(1);24;0;1;1;11;0;;1;1;50;1;1;07;12;43;08;2;5;4294967295;4294967295;4294967295;0;1
1496828588468;3;1;67;1;1;(1);24;0;1;1;11;0;;1;1;50;1;1;07;12;43;08;2;5;4294967295;4294967295;4294967295;0;1
1496828588468;3;1;65;1;1;(1);24;0;1;1;11;0;;1;1;50;1;1;07;12;43;08;2;5;4294967295;4294967295;4294967295;0;1
1496828588468;3;1;66;1;1;(1);24;0;1;1;11;0;;1;1;50;1;1;07;12;43;08;2;5;4294967295;4294967295;4294967295;0;1
1496828588468;3;1;68;1;1;(1);24;0;1;1;11;0;;1;1;50;1;1;07;12;43;08;2;5;4294967295;4294967295;4294967295;0;1
1496828588468;3;1;67;1;1;(1);24;0;1;1;11;0;;1;1;50;1;1;07;12;43;08;2;5;4294967295;4294967295;4294967295;0;1
1496828588469;3;1;65;1;1;(1);24;0;1;1;11;0;;1;1;50;1;1;07;12;43;08;2;5;4294967295;4294967295;4294967295;0;1
1496828588469;3;1;66;1;1;(1);24;0;1;1;11;0;;1;1;50;1;1;07;12;43;08;2;5;4294967295;4294967295;4294967295;0;1
1496828588469;3;1;68;1;1;(1);24;0;1;1;11;0;;1;1;50;1;1;07;12;43;08;2;5;4294967295;4294967295;4294967295;0;1
1496828588469;3;1;67;1;1;(1);24;0;1;1;11;0;;1;1;50;1;1;07;12;43;08;2;5;4294967295;4294967295;4294967295;0;1
1496828588469;3;1;65;1;1;(1);24;0;1;1;11;0;;1;1;50;1;1;07;12;43;08;2;5;4294967295;4294967295;4294967295;0;1
1496828588469;3;1;66;1;1;(1);24;0;1;1;11;0;;1;1;50;1;1;07;12;43;08;2;5;4294967295;4294967295;4294967295;0;1
1496828588469;3;1;68;1;1;(1);24;0;1;1;11;0;;1;1;50;1;1;07;12;43;08;2;5;4294967295;4294967295;4294967295;0;1
1496828588469;3;1;67;1;1;(1);24;0;1;1;11;0;;1;1;50;1;1;07;12;43;08;2;5;4294967295;4294967295;4294967295;0;1
1496828588469;3;1;65;1;1;(1);24;0;1;1;11;0;;1;1;50;1;1;07;12;43;08;2;5;4294967295;4294967295;4294967295;0;1
1496828588469;3;1;66;1;1;(1);24;0;1;1;11;0;;1;1;50;1;1;07;12;43;08;2;5;4294967295;4294967295;4294967295;0;1
1496828588469;3;1;68;1;1;(1);24;0;1;1;11;0;;1;1;50;1;1;07;12;43;08;2;5;4294967295;4294967295;4294967295;0;1
1496828588469;3;1;67;1;1;(1);24;0;1;1;11;0;;1;1;50;1;1;07;12;43;08;2;5;4294967295;4294967295;4294967295;0;1
1496828588469;3;1;65;1;1;(1);24;0;1;1;11;0;;1;1;50;1;1;07;12;43;08;2;5;4294967295;4294967295;4294967295;0;1
1496828588469;3;1;66;1;1;(1);24;0;1;1;11;0;;1;1;50;1;1;07;12;43;08;2;5;4294967295;4294967295;4294967295;0;1
1496828588469;3;1;68;1;1;(1);24;0;1;1;11;0;;1;1;50;1;1;07;12;43;08;2;5;4294967295;4294967295;4294967295;0;1
1496828588469;3;1;67;1;1;(1);24;0;1;1;11;0;;1;1;50;1;1;07;12;43;08;2;5;4294967295;4294967295;4294967295;0;1
1496828588470;3;1;65;1;1;(1);24;0;1;1;11;0;;1;1;50;1;1;07;12;43;08;2;5;4294967295;4294967295;4294967295;0;1
1496828588470;3;1;66;1;1;(1);24;0;1;1;11;0;;1;1;50;1;1;07;12;43;08;2;5;4294967295;4294967295;4294967295;0;1
1496828588470;3;1;68;1;1;(1);24;0;1;1;11;0;;1;1;50;1;1;07;12;43;08;2;5;4294967295;4294967295;4294967295;0;1
1496828588470;3;1;67;1;1;(1);24;0;1;1;11;0;;1;1;50;1;1;07;12;43;08;2;5;4294967295;4294967295;4294967295;0;1
1496828588470;3;1;65;1;1;(1);24;0;1;1;11;0;;1;1;50;1;1;07;12;43;08;2;5;4294967295;4294967295;4294967295;0;1
1496828588470;3;1;66;1;1;(1);24;0;1;1;11;0;;1;1;50;1;1;07;12;43;08;2;5;4294967295;4294967295;4294967295;0;1
1496828588470;3;1;68;1;1;(1);24;0;1;1;11;0;;1;1;50;1;1;07;12;43;08;2;5;4294967295;4294967295;4294967295;0;1
1496828588470;3;1;67;1;1;(1);24;0;1;1;11;0;;1;1;50;1;1;07;12;43;08;2;5;4294967295;4294967295;4294967295;0;1
1496828588470;3;1;65;1;1;(1);24;0;1;1;11;0;;1;1;50;1;1;07;12;43;08;2;5;4294967295;4294967295;4294967295;0;1
1496828588470;3;1;66;1;1;(1);24;0;1;1;11;0;;1;1;50;1;1;07;12;43;08;2;5;4294967295;4294967295;4294967295;0;1
1496828588470;3;1;68;1;1;(1);24;0;1;1;11;0;;1;1;50;1;1;07;12;43;08;2;5;4294967295;4294967295;4294967295;0;1
1496828588470;3;1;67;1;1;(1);24;0;1;1;11;0;;1;1;50;1;1;07;12;43;08;2;5;4294967295;4294967295;4294967295;0;1
1496828588471;3;1;65;1;1;(1);24;0;1;1;11;0;;1;1;50;1;1;07;12;43;08;2;5;4294967295;4294967295;4294967295;0;1
1496828588471;3;1;66;1;1;(1);24;0;1;1;11;0;;1;1;50;1;1;07;12;43;08;2;5;4294967295;4294967295;4294967295;0;1
1496828588471;3;1;68;1;1;(1);24;0;1;1;11;0;;1;1;50;1;1;07;12;43;08;2;5;4294967295;4294967295;4294967295;0;1
1496828588471;3;1;67;1;1;(1);24;0;1;1;11;0;;1;1;50;1;1;07;12;43;08;2;5;4294967295;4294967295;4294967295;0;1
1496828588471;3;1;65;1;1;(1);24;0;1;1;11;0;;1;1;50;1;1;07;12;43;08;2;5;4294967295;4294967295;4294967295;0;1
1496828588471;3;1;66;1;1;(1);24;0;1;1;11;0;;1;1;50;1;1;07;12;43;08;2;5;4294967295;4294967295;4294967295;0;1
1496828588471;3;1;68;1;1;(1);24;0;1;1;11;0;;1;1;50;1;1;07;12;43;08;2;5;4294967295;4294967295;4294967295;0;1
1496828588471;3;1;67;1;1;(1);24;0;1;1;11;0;;1;1;50;1;1;07;12;43;08;2;5;4294967295;4294967295;4294967295;0;1
1496828588471;3;1;65;1;1;(1);24;0;1;1;11;0;;1;1;50;1;1;07;12;43;08;2;5;4294967295;4294967295;4294967295;0;1
1496828588471;3;1;66;1;1;(1);24;0;1;1;11;0;;1;1;50;1;1;07;12;43;08;2;5;4294967295;4294967295;4294967295;0;1
1496828588471;3;1;68;1;1;(1);24;0;1;1;11;0;;1;1;50;1;1;07;12;43;08;2;5;4294967295;4294967295;4294967295;0;1
1496828588471;3;1;67;1;1;(1);24;0;1;1;11;0;;1;1;50;1;1;07;12;43;08;2;5;4294967295;4294967295;4294967295;0;1
1496828588472;3;1;65;1;1;(1);24;0;1;1;11;0;;1;1;50;1;1;07;12;43;08;2;5;4294967295;4294967295;4294967295;0;1
1496828588472;3;1;66;1;1;(1);24;0;1;1;11;0;;1;1;50;1;1;07;12;43;08;2;5;4294967295;4294967295;4294967295;0;1
1496828588472;3;1;68;1;1;(1);24;0;1;1;11;0;;1;1;50;1;1;07;12;43;08;2;5;4294967295;4294967295;4294967295;0;1
1496828588472;3;1;67;1;1;(1);24;0;1;1;11;0;;1;1;50;1;1;07;12;43;08;2;5;4294967295;4294967295;4294967295;0;1
1496828588472;3;1;65;1;1;(1);24;0;1;1;11;0;;1;1;50;1;1;07;12;43;08;2;5;4294967295;4294967295;4294967295;0;1
1496828588472;3;1;66;1;1;(1);24;0;1;1;11;0;;1;1;50;1;1;07;12;43;08;2;5;4294967295;4294967295;4294967295;0;1
1496828588472;3;1;68;1;1;(1);24;0;1;1;11;0;;1;1;50;1;1;07;12;43;08;2;5;4294967295;4294967295;4294967295;0;1
1496828588472;3;1;67;1;1;(1);24;0;1;1;11;0;;1;1;50;1;1;07;12;43;08;2;5;4294967295;4294967295;4294967295;0;1
1496828588472;3;1;65;1;1;(1);24;0;1;1;11;0;;1;1;50;1;1;07;12;43;08;2;5;4294967295;4294967295;4294967295;0;1
1496828588472;3;1;66;1;1;(1);24;0;1;1;11;0;;1;1;50;1;1;07;12;43;08;2;5;4294967295;4294967295;4294967295;0;1
1496828588472;3;1;68;1;1;(1);24;0;1;1;11;0;;1;1;50;1;1;07;12;43;08;2;5;4294967295;4294967295;4294967295;0;1
1496828588472;3;1;67;1;1;(1);24;0;1;1;11;0;;1;1;50;1;1;07;12;43;08;2;5;4294967295;4294967295;4294967295;0;1
1496828588473;3;1;65;1;1;(1);24;0;1;1;11;0;;1;1;50;1;1;07;12;43;08;2;5;4294967295;4294967295;4294967295;0;1
1496828588473;3;1;66;1;1;(1);24;0;1;1;11;0;;1;1;50;1;1;07;12;43;08;2;5;4294967295;4294967295;4294967295;0;1
1496828588473;3;1;68;1;1;(1);24;0;1;1;11;0;;1;1;50;1;1;07;12;43;08;2;5;4294967295;4294967295;4294967295;0;1
1496828588473;3;1;67;1;1;(1);24;0;1;1;11;0;;1;1;50;1;1;07;12;43;08;2;5;4294967295;4294967295;4294967295;0;1
1496828588473;3;1;65;1;1;(1);24;0;1;1;11;0;;1;1;50;1;1;07;12;43;08;2;5;4294967295;4294967295;4294967295;0;1
1496828588473;3;1;66;1;1;(1);24;0;1;1;11;0;;1;1;50;1;1;07;12;43;08;2;5;4294967295;4294967295;4294967295;0;1
1496828588473;3;1;68;1;1;(1);24;0;1;1;11;0;;1;1;50;1;1;07;12;43;08;2;5;4294967295;4294967295;4294967295;0;1
1496828588473;3;1;67;1;1;(1);24;0;1;1;11;0;;1;1;50;1;1;07;12;43;08;2;5;4294967295;4294967295;4294967295;0;1
1496828588473;3;1;65;1;1;(1);24;0;1;1;11;0;;1;1;50;1;1;07;12;43;08;2;5;4294967295;4294967295;4294967295;0;1
1496828588473;3;1;66;1;1;(1);24;0;1;1;11;0;;1;1;50;1;1;07;12;43;08;2;5;4294967295;4294967295;4294967295;0;1
1496828588473;3;1;68;1;1;(1);24;0;1;1;11;0;;1;1;50;1;1;07;12;43;08;2;5;4294967295;4294967295;4294967295;0;1
1496828588473;3;1;67;1;1;(1);24;0;1;1;11;0;;1;1;50;1;1;07;12;43;08;2;5;4294967295;4294967295;4294967295;0;1
1496828588473;3;1;65;1;1;(1);24;0;1;1;11;0;;1;1;50;1;1;07;12;43;08;2;5;4294967295;4294967295;4294967295;0;1
1496828588473;3;1;66;1;1;(1);24;0;1;1;11;0;;1;1;50;1;1;07;12;43;08;2;5;4294967295;4294967295;4294967295;0;1
1496828588473;3;1;68;1;1;(1);24;0;1;1;11;0;;1;1;50;1;1;07;12;43;08;2;5;4294967295;4294967295;4294967295;0;1
1496828588473;3;1;67;1;1;(1);24;0;1;1;11;0;;1;1;50;1;1;07;12;43;08;2;5;4294967295;4294967295;4294967295;0;1
